1000 593 9
2000 471 10
3000 848 11
4000 3022 12
5000 1940 12
6000 4937 9
7000 6105 11
8000 8000 11
9000 3564 12
10000 4024 11
11000 11000 12
12000 8794 13
13000 13000 13
14000 12639 14
15000 9359 12
16000 15572 14
17000 17000 14
18000 18000 14
19000 13058 15
20000 20000 13
21000 5241 15
22000 22000 15
23000 23000 14
24000 24000 9
25000 10260 14
26000 26000 14
27000 21927 13
28000 22112 15
29000 18467 13
30000 30000 15
31000 29393 15
32000 32000 14
33000 24355 15
34000 32226 15
35000 35000 15
36000 36000 15
37000 5329 14
38000 38000 15
39000 22734 15
40000 24088 16
41000 26184 16
42000 42000 15
43000 43000 13
44000 37114 15
45000 45000 14
46000 22699 16
47000 47000 11
48000 21173 16
49000 49000 15
50000 41747 13
51000 27924 15
52000 52000 16
53000 53000 15
54000 54000 15
55000 14427 16
56000 7092 14
57000 17253 16
58000 58000 15
59000 16890 15
60000 4416 15
61000 61000 16
62000 62000 16
63000 33515 16
64000 12404 15
65000 58922 16
66000 41132 9
67000 67000 16
68000 4134 16
69000 6698 16
70000 14891 13
71000 21627 15
72000 61510 14
73000 48407 14
74000 62217 16
75000 75000 17
76000 41444 16
77000 68769 17
78000 70399 16
79000 70257 17
80000 18986 17
81000 40172 16
82000 57331 17
83000 83000 16
84000 54997 16
85000 59958 8
86000 86000 9
87000 87000 17
88000 37576 17
89000 89000 15
90000 58 17
91000 31629 16
92000 92000 17
93000 87276 12
94000 94000 16
95000 48474 16
96000 96000 15
97000 97000 16
98000 12754 15
99000 17585 16
100000 95321 13
